1
3
5
9
16
17
20
27
31
33
37
39
41
45
47
52
55
56
58
62
64
68
72
75
79
80
82
84
89
92
97
100
101
105
107
110
112
115
117
119
121
123
125
128
133
137
138
142
145
146
148
154
155
158
160
160
163
165
168
170
172
175
178
179
181
182
183
183
184
185
185
185
186
189
190
191
196
196
197
198
199
199
200
201
202
205
205
208
211
213
214
218
220
222
232
234
235
239
240
242
242
245
245
246
246
248
251
254
255
255
256
258
259
260
260
260
262
263
265
265
267
268
269
270
272
272
273
275
276
278
278
279
280
281
282
283
286
289
290
291
296
296
297
298
299
299
300
301
302
305
305
308
311
313
314
318
320
322
332
334
335
339
