30
30
30
30
30
30
30
30
30
30
30
30
30
30
30
30
30
30
30
30
30
30
30
30
30
30
30
30
30
30
30
30
30
30
30
30
30
30
30
30
30
30
30
30
30
30
30
30
30
30
30
30
30
30
30
30
30
30
30
30
30
30
30
30
30
30
30
30
30
30
30
30
30
30
30
30
30
30
30
30
30
30
30
30
30
30
30
30
30
30
30
30
30
30
30
30
30
30
30
30
30
30
30
30
30
30
30
30
30
30
30
30
30
30
30
30
30
30
30
30
30
30
30
30
30
30
30
30
30
30
30
30
30
30
30
30
30
30
30
30
30
30
30
33
36
39
42
45
48
51
54
57
60
30
63
66
69
72
75
78
81
84
87
90
30
93
96
99
102
105
108
111
114
117
120
30
123
126
129
132
135
138
141
144
147
150
30
153
156
159
162
165
168
171
174
177
180
30
183
186
189
192
195
198
201
204
207
210
30
210
30
210
30
210
30
210
30
210
30
210
30
210
30
210
30
210
30
210
30
210
30
210
30
210
30
210
30
210
30
210
30
210
30
210
30
210
30
210
30
210
30
210
30
210
30
210
30
210
30
210
30
210
30
210
30
210
30
210
30
210
30
210
30
210
30
210
30
210
30
210
30
210
30
210
30
210
30
210
30
210
30
210
30
210
30
210
30
210
30
210
30
210
30
210
30
210
30
210
30
210
30
210
30
210
30
210
30
210
30
210
30
210
30
210
30
210
30
210
30
210
30
210
30
210
30
210
30
210
30
210
30
210
30
210
30
210
30
210
30
210
30
210
30
210
30
210
30
210
30
210
30
210
30
210
30
210
30
210
30
210
30
210
30
210
30
210
30
210
30
210
30
210
30
210
30
210
30
210
30
210
30
210
30
210
30
210
30
210
30
210
30
210
30
210
30
210
30
210
30
210
30
210
30
210
30
210
30
210
30
210
30
210
30
210
30
210
30
210
30
210
30
210
30
210
30
210
30
210
30
210
30
210
30
210
30
210
30
210
30
210
30
210
30
210
30
210
30
210
30
210
30
210
30
210
30
210
30
210
30
210
30
210
30
210
30
210
30
210
30
210
30
210
30
210
30
210
30
210
30
210
30
210
30
210
30
210
30
210
30
210
30
210
30
210
30
210
30
210
30
210
30
210
30
210
30
210
30
210
30
210
30
210
30
210
30
210
30
210
30
210
30
210
30
210
30
210
30
210
30
210
30
210
30
210
30
210
30
210
30
210
30
210
30
210
30
210
30
210
30
210
30
210
30
210
30
210
30
210
30
210
30
210
30
210
30
210
30
210
30
210
30
210
30
210
30
210
30
210
30
210
30
210
30
210
30
210
30
210
30
210
30
210
30
210
30
210
30
210
30
210
30
210
30
210
30
210
30
210
30
210
30
210
30
210
30
210
30
210
30
210
30
210
30
210
30
210
30
210
30
210
30
210
30
210
30
210
30
210
30
210
30
210
30
210
30
210
30
210
30
210
30
210
30
210
30
210
30
210
30
210
30
210
30
210
30
210
30
210
30
210
30
210
30
210
30
210
30
210
30
210
30
210
30
210
30
210
33
36
39
42
45
30
210
48
51
54
57
60
30
210
63
66
69
72
75
30
210
78
81
84
87
90
30
210
93
96
99
102
105
30
210
108
111
114
117
120
30
120
117
114
111
108
105
30
210
102
99
96
93
30
210
90
87
84
81
78
30
210
75
72
69
66
63
30
210
60
57
54
51
48
30
210
45
42
39
36
33
30
210
30
210
30
210
30
210
30
210
30
210
30
210
30
210
30
210
30
210
30
210
30
210
30
210
30
210
30
210
30
210
30
210
30
210
30
210
207
204
201
198
195
192
189
186
183
30
180
177
174
171
168
165
162
159
156
153
30
150
147
144
141
138
135
132
129
126
123
30
120
117
114
111
108
105
102
99
96
93
30
90
87
84
81
78
75
72
69
66
63
30
60
57
54
51
48
45
42
39
36
33
30
30
30
30
30
30
30
30
30
30
30
30
30
30
30
30
30
30
30
30
30
30
30
30
30
30
30
30
30
30
30
30
30
30
30
30
30
30
30
30
30
30
30
30
30
30
30
30
30
30
30
30
30
30
30
30
30
30
30
30
30
30
30
30
30
30
30
30
30
30
30
30
30
30
30
30
30
30
30
30
30
30
30
30
30
30
30
30
30
30
30
30
30
30
30
30
30
30
30
30
30
30
30
30
30
30
30
30
30
30
30
30
30
30
30
30
